          50.00               0.023466555             -0.0010309568                 9.5722515                  5.650985
          60.00               0.033003881             -0.0017621729                 10.970757                 6.5449378
          70.00               0.044033103             -0.0029176003                  12.43892                 7.3937409
          80.00               0.055947568              -0.003942666                 13.692531                 8.2106469
          90.00               0.069349341             -0.0054031452                 14.994951                 9.0370116
         100.00               0.083635368             -0.0068454564                 16.197368                 9.8337316
         110.00               0.098991577             -0.0084471478                 17.368637                 10.615248
         120.00                0.11506508             -0.0099510187                 18.464406                 11.410812
         130.00                0.13236129               -0.01177714                 19.577161                 12.187355
         140.00                0.15064858                -0.0137574                 20.673565                 12.966793
         150.00                0.16978845              -0.015796896                 21.740819                 13.756208
         160.00                0.18983997              -0.017955279                 22.792038                 14.551939
         170.00                0.21077382              -0.020220934                 23.824738                 15.340716
         180.00                0.23254789              -0.022537775                 24.823965                 16.105611
         190.00                0.25517884              -0.024995631                 25.828933                 16.913658
         200.00                0.27863196               -0.02754267                 26.813398                 17.691301
         210.00                0.30289239              -0.030175566                 27.780034                 18.447112
         220.00                0.32806218              -0.032982108                 28.750012                 19.234595
         230.00                0.35390269              -0.035782145                 29.694254                  20.00281
         240.00                0.38051336              -0.038660495                 30.626726                 20.767997
         250.00                0.40788404              -0.041615549                 31.554358                 21.562987
         260.00                0.43600528              -0.044645409                 32.458998                 22.288977
         270.00                 0.4648681              -0.047748565                 33.361551                 23.055678
         280.00                0.49446477              -0.050926051                 34.255112                 23.815067
         290.00                0.52478679               -0.05417399                 35.141923                  24.58602
         300.00                0.55582698              -0.057491992                 36.009419                  25.29613

          50.00               0.023467208             -0.0010217769                 9.6799998                 5.6500027
          60.00               0.033004201             -0.0017545378                 11.097197                 6.5428764
          70.00               0.044043143             -0.0029788219                 12.653605                 7.3903592
          80.00               0.055962725             -0.0040276141                 13.930422                 8.2060066
          90.00               0.069397758             -0.0055856072                 15.294803                 9.0309645
         100.00               0.083713422             -0.0071061107                 16.535385                 9.8262847
         110.00               0.099111281             -0.0088072132                 17.747072                 10.606435
         120.00                0.11520424              -0.010366428                  18.86058                 11.400647
         130.00                0.13255479              -0.012313355                 20.011778                 12.175925
         140.00                0.15091121              -0.014436956                 21.147477                 12.954195
         150.00                0.17012182              -0.016621344                  22.25069                 13.742483
         160.00                0.19025484              -0.018941017                 23.338326                 14.537171
         170.00                 0.2112795              -0.021381764                  24.40707                 15.324967
         180.00                0.23313399              -0.023853996                 25.432082                 16.088906
         190.00                0.25587026              -0.026508276                 26.471523                 16.896071
         200.00                0.27943537              -0.029261368                 27.489391                 17.672855
         210.00                0.30381392              -0.032109213                 28.488361                 18.427838
         220.00                 0.3291278              -0.035168284                 29.494877                 19.214557
         230.00                0.35509837               -0.03820038                   30.4694                  19.98201
         240.00                0.38184397              -0.041318178                 31.431418                 20.746473
         250.00                0.40935389              -0.044518993                 32.387639                 21.540777
         260.00                0.43761857              -0.047801003                 33.319848                 22.266073
         270.00                0.46662871              -0.051162044                 34.249192                 23.032029
         280.00                0.49637709              -0.054604815                 35.169218                 23.790768
         290.00                0.52685416              -0.058122735                 36.081668                 24.561126
         300.00                0.55805295              -0.061716271                  36.97384                  25.27061

          50.00               0.023469379             -0.0010189255                 9.6833188                 5.6500004
          60.00               0.033014771             -0.0017519411                 11.097965                 6.5428747
          70.00               0.044043144             -0.0029790135                 12.672656                 7.3903337
          80.00               0.055963333             -0.0040231037                 13.947896                 8.2059469
          90.00               0.069399176             -0.0055955475                 15.325913                  9.030847
         100.00               0.083716565             -0.0071229683                 16.571336                 9.8260947
         110.00               0.099118529             -0.0088366773                 17.789819                 10.606168
         120.00                0.11520891              -0.010390248                 18.900615                 11.400278
         130.00                 0.1325651              -0.012353645                 20.058913                 12.175462
         140.00                0.15093051              -0.014497902                 21.200309                  12.95365
         150.00                0.17015181              -0.016705687                 22.310658                 13.741836
         160.00                0.19029936              -0.019054589                 23.406309                 14.536437
         170.00                0.21134227              -0.021529756                 24.483528                 15.324154
         180.00                  0.233206              -0.024019709                 25.510738                  16.08801
         190.00                0.25596574              -0.026715447                 26.558621                 16.895096
         200.00                0.27955734              -0.029513812                 27.584877                 17.671804
         210.00                0.30396533              -0.032410703                 28.592218                 18.426709
         220.00                0.32932179              -0.035536743                 29.609651                 19.213365
         230.00                0.35532755              -0.038624712                 30.592121                 19.980753
         240.00                0.38211094              -0.041801968                 31.562198                 20.745155
         250.00                0.40966015              -0.045063742                 32.525972                 21.539402
         260.00                0.43796593               -0.04840896                 33.465517                 22.264641
         270.00                0.46701888              -0.051835391                 34.402009                  23.03052
         280.00                0.49681196              -0.055346215                   35.3292                 23.789208
         290.00                0.52733496              -0.058933441                 36.248347                 24.559513
         300.00                0.55858111              -0.062598084                 37.147145                 25.268953

          50.00               0.023469549             -0.0010188214                 9.6833818                 5.6499754
          60.00               0.033025994             -0.0017605676                 11.101848                 6.5428722
          70.00               0.044043212             -0.0029797113                 12.676808                  7.390335
          80.00               0.055965149             -0.0040204263                 13.950098                 8.2059464
          90.00               0.069399205             -0.0055961971                 15.332622                 9.0308467
         100.00               0.083716565               -0.00712305                 16.577858                 9.8260905
         110.00               0.099118608             -0.0088379519                 17.797339                 10.606158
         120.00                0.11521015              -0.010386431                 18.904871                 11.400255
         130.00                0.13256552              -0.012350965                 20.064463                 12.175426
         140.00                0.15093063              -0.014496552                 21.204968                 12.953604
         150.00                0.17015184              -0.016706607                 22.316637                 13.741772
         160.00                0.19030014              -0.019059576                 23.414121                 14.536358
         170.00                0.21134503              -0.021540773                 24.493569                 15.324061
         180.00                0.23320803              -0.024028882                  25.51986                 16.087903
         190.00                0.25597096              -0.026732573                 26.570012                 16.894973
         200.00                0.27956726               -0.02954077                 27.598689                 17.671665
         210.00                 0.3039816               -0.03244972                 28.608754                 18.426548
         220.00                0.32935023              -0.035596052                 29.630199                 19.213192
         230.00                0.35536567              -0.038699672                 30.615326                 19.980566
         240.00                0.38216066              -0.041895327                 31.588491                 20.744956
         250.00                0.40972195              -0.045175576                 32.554953                 21.539191
         260.00                0.43804083              -0.048540421                 33.497098                 22.264417
         270.00                0.46710794              -0.051987866                 34.436273                 23.030273
         280.00                0.49691614              -0.055520836                 35.366104                  23.78895
         290.00                0.52745496              -0.059130838                 36.287769                 24.559246
         300.00                0.55871763              -0.062819077                 37.188995                 25.268675

          50.00               0.023470054              -0.001018898                 9.6833871                 5.6499501
          60.00               0.033033687             -0.0017702536                   11.1094                 6.5428717
          70.00               0.044045037             -0.0029827493                 12.679613                 7.3903356
          80.00               0.055965505             -0.0040192233                 13.952242                 8.2059419
          90.00               0.069399993              -0.005599504                 15.338646                 9.0308454
         100.00               0.083716618             -0.0071237736                  16.58184                 9.8260898
         110.00               0.099118614             -0.0088381767                 17.800843                 10.606158
         120.00                0.11521416              -0.010384276                 18.905404                 11.400255
         130.00                0.13256911              -0.012348484                 20.065151                 12.175424
         140.00                0.15093684              -0.014498251                 21.205067                 12.953602
         150.00                0.17015715              -0.016707325                 22.316639                 13.741767
         160.00                0.19030393              -0.019059184                 23.414161                 14.536349
         170.00                0.21134722              -0.021539563                 24.493811                 15.324049
         180.00                0.23321354               -0.02402909                 25.519967                 16.087887
         190.00                0.25597408              -0.026731472                 26.570207                 16.894953
         200.00                0.27956862              -0.029539189                 27.599152                  17.67164
         210.00                0.30398185              -0.032448598                 28.609785                 18.426513
         220.00                0.32935058               -0.03559809                 29.632302                 19.213154
         230.00                0.35536712              -0.038704663                 30.618173                 19.980524
         240.00                0.38216438              -0.041905093                 31.592493                  20.74491
         250.00                0.40972835              -0.045190164                 32.559861                 21.539142
         260.00                0.43805044              -0.048560348                 33.502867                 22.264363
         270.00                0.46712168              -0.052014457                 34.443135                  23.03021
         280.00                0.49693447              -0.055554481                 35.373986                 23.788883
         290.00                0.52747837              -0.059172041                 36.296661                 24.559177
         300.00                0.55874655              -0.062868257                 37.198846                 25.268602

