          50.00               0.023490959            -0.00088965351                    28.049                 6.6155584
         100.00               0.082911343             -0.0055362258                 46.269967                 11.211693
         150.00                0.16817549              -0.012866829                 61.395649                 15.157799
         200.00                0.27520352              -0.022030305                 74.886118                 18.802497
         250.00                0.40235483              -0.033013513                 87.401043                 22.230803
         300.00                0.54810897              -0.045504652                 99.182329                 25.483717
         350.00                0.71149726              -0.059410615                 110.41122                 28.589828
         400.00                 0.8917746              -0.074651167                 121.20062                 31.562946
         450.00                 1.0882385              -0.091072613                 131.60975                 34.422028
         500.00                 1.3004824               -0.10876323                 141.72924                 37.181951
         550.00                 1.5279481               -0.12756211                 151.58013                 39.857403
         600.00                 1.7703645               -0.14739176                 161.18351                 42.447273
         650.00                 2.0272555               -0.16866302                 170.65647                 44.977627
         700.00                 2.2983399               -0.19013352                 179.81481                 47.442982
         750.00                 2.5836509                -0.2131441                 188.88664                 49.856509
         800.00                 2.8824442               -0.23693022                 197.79882                 52.219089
         850.00                  3.194993                -0.2618116                 206.58639                 54.537929
         900.00                 3.5210589               -0.28774003                 215.25763                 56.815801
         950.00                 3.8600509               -0.31441274                 223.80733                 59.060682
        1000.00                 4.2120308               -0.34196894                 232.25079                 61.256295

          50.00               0.023491288            -0.00088285299                 28.299452                 6.5962852
         100.00               0.082935759             -0.0056725173                 46.929828                 11.148913
         150.00                0.16829886              -0.013326864                 62.369532                 15.062365
         200.00                0.27547003              -0.022904845                 76.098019                 18.681751
         250.00                 0.4028195              -0.034418311                 88.827435                 22.089333
         300.00                0.54880528              -0.047511024                 100.79471                 25.324333
         350.00                0.71245741              -0.062088085                 112.19193                 28.414485
         400.00                 0.8930293              -0.078066911                 123.13793                 31.373065
         450.00                 1.0897985              -0.095254052                 133.68346                 34.218612
         500.00                 1.3023883                -0.1137961                 143.94034                  36.96597
         550.00                 1.5302175               -0.13348676                  153.9182                 39.629569
         600.00                 1.7729957               -0.15421244                  163.6329                 42.208187
         650.00                 2.0303729               -0.17661567                 173.24828                 44.727851
         700.00                 2.3017584               -0.19888998                 182.47772                 47.182738
         750.00                 2.5875031               -0.22294977                 191.65196                 49.586418
         800.00                 2.8867241               -0.24778519                 200.65853                 51.939443
         850.00                 3.1997331               -0.27377812                 209.53968                 54.249106
         900.00                 3.5262881               -0.30087408                 218.30309                 56.518134
         950.00                  3.865766               -0.32871766                 226.93909                 58.754406
        1000.00                 4.2182454               -0.35747513                  235.4658                 60.941637

          50.00               0.023492762            -0.00088085311                 28.304551                 6.5961013
         100.00               0.082936092             -0.0056768408                  46.97928                 11.146608
         150.00                0.16831144              -0.013372758                 62.464415                 15.057896
         200.00                0.27550539              -0.023008782                 76.226093                 18.675562
         250.00                0.40289584              -0.034611535                  88.98963                 22.081814
         300.00                0.54893259              -0.047808886                 100.98598                 25.315707
         350.00                0.71264649              -0.062507718                    112.41                 28.404914
         400.00                0.89329237              -0.078628378                 123.38259                 31.362657
         450.00                 1.0901306              -0.095948772                 133.94673                 34.207435
         500.00                  1.302813               -0.11466261                   144.228                 36.954106
         550.00                 1.5307383               -0.13453057                 154.22713                 39.617071
         600.00                 1.7735987               -0.15541295                 163.95634                 42.195091
         650.00                 2.0311596               -0.17812561                 173.60904                 44.714241
         700.00                 2.3025552                 -0.200453                 182.83309                 47.168515
         750.00                 2.5884117               -0.22471665                 192.02344                  49.57169
         800.00                 2.8877367               -0.24974686                 201.04374                 51.924219
         850.00                 3.2008632               -0.27595434                 209.93939                 54.233418
         900.00                 3.5275475               -0.30328228                  218.7177                 56.502007
         950.00                 3.8671488               -0.33135112                 227.36689                 58.737846
        1000.00                 4.2197548               -0.36033959                 235.90629                 60.924656

          50.00               0.023493572            -0.00088119801                 28.304769                 6.5961012
         100.00               0.082936343             -0.0056757085                  46.98396                 11.146396
         150.00                 0.1683124              -0.013377474                 62.477807                 15.057302
         200.00                 0.2755095              -0.023022589                 76.245682                 18.674616
         250.00                0.40290965              -0.034645707                 89.017621                 22.080602
         300.00                0.54895998              -0.047868323                 101.02116                 25.314273
         350.00                 0.7126923              -0.062599049                 112.45222                 28.403296
         400.00                0.89336392              -0.078762154                 123.43301                 31.360879
         450.00                 1.0902202              -0.096112603                 134.00033                 34.205509
         500.00                 1.3029384               -0.11488277                 144.28993                 36.952055
         550.00                    1.5309               -0.13480661                 154.29558                 39.614908
         600.00                  1.773782               -0.15572491                 164.02705                 42.192821
         650.00                 2.0314527               -0.17858975                 173.69865                  44.71191
         700.00                  2.302802               -0.20086574                 182.91175                 47.166036
         750.00                 2.5886978               -0.22518929                 192.10643                 49.569124
         800.00                 2.8880562               -0.25027272                 201.12999                 51.921564
         850.00                 3.2012233               -0.27654253                 210.02944                 54.230681
         900.00                 3.5279548               -0.30394088                 218.81191                 56.499196
         950.00                 3.8675984               -0.33207468                 227.46446                  58.73496
        1000.00                 4.2202476               -0.36112948                 236.00706                 60.921698

          50.00               0.023493932            -0.00088167467                 28.305826                 6.5961009
         100.00               0.082936703             -0.0056753046                 46.984413                 11.146374
         150.00                 0.1683124              -0.013377572                 62.479909                 15.057189
         200.00                 0.2755096              -0.023023436                 76.248796                 18.674397
         250.00                 0.4029116              -0.034651374                 89.023122                 22.080301
         300.00                0.54896548              -0.047880686                 101.02877                 25.313902
         350.00                0.71270375              -0.062621254                 112.46219                 28.402869
         400.00                0.89338648              -0.078801213                 123.44654                 31.360404
         450.00                 1.0902462              -0.096157152                 134.01386                 34.204988
         500.00                 1.3029825               -0.11495283                 144.30757                 36.951498
         550.00                 1.5309617               -0.13490055                 154.31611                 39.614321
         600.00                 1.7738479               -0.15582592                 164.04743                 42.192204
         650.00                 2.0316028               -0.17879394                 173.73185                 44.711296
         700.00                 2.3028926               -0.20100187                 182.93479                 47.165356
         750.00                  2.588805               -0.22534791                 192.13105                 49.568421
         800.00                 2.8881765                -0.2504502                 201.15574                 51.920833
         850.00                 3.2013607               -0.27674326                 210.05656                 54.229928
         900.00                 3.5281133               -0.30416948                 218.84067                 56.498424
         950.00                 3.8677745               -0.33232731                 227.49439                 58.734167
        1000.00                 4.2204417                -0.3614064                 236.03807                 60.920884

          50.00               0.023543039             -0.0011025176                 10.467704                 5.7318894
         100.00               0.083553184              -0.007048495                 17.679954                 9.9596911
         150.00                0.16995354              -0.016573777                  23.76868                 13.921764
         200.00                0.27843723              -0.028518121                 29.239613                  17.84752
         250.00                0.40736192              -0.042874786                 34.353694                 21.696374
         300.00                0.55511934              -0.059208189                 39.178521                 25.442743
         350.00                0.72071932              -0.077394079                 43.781427                 29.073311
         400.00                0.90339912              -0.097325605                  48.20048                 32.561235
         450.00                 1.1024123                -0.1187781                  52.45163                 35.914471
         500.00                   1.31739               -0.14190193                 56.582927                 39.141342
         550.00                  1.547726               -0.16645966                 60.596406                 42.260302
         600.00                 1.7931277               -0.19232944                 64.490713                 45.243283
         650.00                 2.0532666               -0.22018674                 68.354806                 48.158851
         700.00                 2.3274421               -0.24806756                 72.034777                 50.972281
         750.00                 2.6161456               -0.27807612                 75.701727                 53.714748
         800.00                 2.9183828               -0.30905707                 79.293493                 56.382332
         850.00                 3.2345327               -0.34147438                 82.833342                 58.986416
         900.00                 3.5643437               -0.37526085                 86.323568                 61.529523
         950.00                 3.9071319               -0.40998316                 89.760013                  64.03505
        1000.00                 4.2630057               -0.44584246                 93.141659                  66.44118

          50.00               0.023543761             -0.0010928164                 10.576901                 5.7306539
         100.00               0.083623517             -0.0073023818                 18.037819                  9.951122
         150.00                0.17031576              -0.017484596                 24.342188                 13.906435
         200.00                0.27922697              -0.030294621                 29.978302                 17.826975
         250.00                0.40874932              -0.045787191                 35.248442                 21.671647
         300.00                0.55720682              -0.063419967                 40.208752                 25.414464
         350.00                0.72360513              -0.083064953                 44.935376                 29.041953
         400.00                0.90717801               -0.10461307                 49.471374                 32.527158
         450.00                 1.1071095               -0.12772641                 53.821186                 35.877918
         500.00                 1.3231351               -0.15272559                 58.056967                 39.102566
         550.00                 1.5545689               -0.17924387                  62.16685                 42.219522
         600.00                  1.801053               -0.20705754                 66.141607                 45.200556
         650.00                 2.0626873               -0.23750474                 70.126967                 48.114375
         700.00                 2.3377244               -0.26701856                 73.844932                 50.926066
         750.00                 2.6277265               -0.29932679                 77.589985                 53.666965
         800.00                 2.9312378                -0.3325911                 81.252103                 56.333015
         850.00                 3.2487601                -0.3674399                 84.863148                  58.93564
         900.00                 3.5800308               -0.40379023                 88.424467                 61.477343
         950.00                 3.9242628               -0.44107002                 91.926836                 63.981548
        1000.00                 4.2816188               -0.47955198                 95.371139                  66.38627

          50.00               0.023547694             -0.0010907815                  10.57801                  5.730656
         100.00               0.083625175             -0.0073141329                 18.071304                 9.9508836
         150.00                0.17036389              -0.017606474                 24.419539                 13.905714
         200.00                0.27936128              -0.030579461                 30.088977                 17.825811
         250.00                 0.4090398              -0.046335463                 35.397342                 21.670133
         300.00                0.55769231               -0.06428281                 40.390825                 25.412666
         350.00                0.72432762              -0.084299659                 45.148681                 29.039911
         400.00                0.90818711               -0.10629076                  49.71688                 32.524902
         450.00                 1.1083793               -0.12980528                 54.086815                 35.875462
         500.00                 1.3247644               -0.15534974                 58.353032                 39.099934
         550.00                 1.5565688               -0.18242683                 62.488825                 42.216724
         600.00                 1.8033615               -0.21071332                 66.478802                 45.197609
         650.00                 2.0657307                -0.2422206                 70.518309                 48.111293
         700.00                  2.340768               -0.27179332                 74.218708                 50.922822
         750.00                 2.6311942               -0.30473631                 77.982857                  53.66359
         800.00                 2.9350967               -0.33859839                  81.66044                 56.329512
         850.00                 3.2530621                -0.3741125                 85.288497                 58.932016
         900.00                 3.5848214               -0.41118748                 88.867776                 61.473605
         950.00                 3.9295163               -0.44916351                 92.385508                 63.977698
        1000.00                 4.2873462               -0.48835834                 95.844465                 66.382308

          50.00               0.023549981             -0.0010926174                 10.579084                 5.7306514
         100.00               0.083625686              -0.007312129                 18.074675                  9.950875
         150.00                0.17036915              -0.017623222                 24.433152                  13.90564
         200.00                0.27938175              -0.030628008                 30.110372                 17.825655
         250.00                0.40910513              -0.046459532                 35.431271                 21.669905
         300.00                0.55782009              -0.064503523                 40.435845                 25.412376
         350.00                 0.7245402              -0.084645684                 45.205111                 29.039571
         400.00                0.90852058               -0.10681136                  49.78759                 32.524518
         450.00                 1.1087917               -0.13043802                 54.161679                 35.875038
         500.00                 1.3253465               -0.15622068                 58.443082                 39.099477
         550.00                 1.5573197               -0.18353093                 62.590502                 42.216236
         600.00                 1.8042074               -0.21195316                 66.583157                 45.197095
         650.00                 2.0671086               -0.24416151                 70.662047                 48.110761
         700.00                 2.3419034               -0.27343946                 74.336059                 50.922249
         750.00                 2.6325077               -0.30662654                 78.107566                 53.662993
         800.00                 2.9365614               -0.34070209                 81.790349                  56.32889
         850.00                 3.2547104               -0.37646907                 85.424786                 58.931371
         900.00                 3.5866826               -0.41383252                 89.011292                  61.47294
         950.00                 3.9315678               -0.45207111                 92.534589                 63.977012
        1000.00                 4.2895913               -0.49153323                 95.998798                 66.381602

          50.00               0.023550967             -0.0010942487                 10.581166                 5.7306514
         100.00               0.083626702             -0.0073113288                 18.074992                  9.950875
         150.00                0.17036933              -0.017624505                 24.435596                 13.905631
         200.00                0.27938297              -0.030632902                 30.114186                 17.825626
         250.00                0.40911727              -0.046485377                 35.439316                 21.669854
         300.00                 0.5578515              -0.064559948                 40.447877                 25.412307
         350.00                0.72460354              -0.084748823                  45.22193                 29.039487
         400.00                0.90864485               -0.10700013                 49.812415                 32.524421
         450.00                 1.1089317                -0.1306475                 54.185741                 35.874926
         500.00                 1.3255857               -0.15656436                 58.476928                 39.099356
         550.00                 1.5576533               -0.18399821                 62.631108                 42.216107
         600.00                 1.8045607               -0.21244873                 66.622727                 45.196959
         650.00                 2.0679322               -0.24524451                 70.735867                 48.110626
         700.00                  2.342387               -0.27410944                 74.381303                 50.922096
         750.00                 2.6330779               -0.30740899                 78.156332                 53.662833
         800.00                 2.9372054               -0.34158469                  81.84188                 56.328722
         850.00                  3.255444               -0.37746855                 85.479362                 58.931197
         900.00                 3.5875267                -0.4149735                 89.069606                 61.472761
         950.00                 3.9325039               -0.45333262                 92.595483                 63.976827
        1000.00                 4.2906198               -0.49291583                 96.062056                 66.381411

          50.00               0.023560269             -0.0006484846                 4.6401757                 5.1682719
         100.00               0.083773311             -0.0041836698                 7.9196816                 9.0122408
         150.00                 0.1705729             -0.0098775007                  10.77609                 12.771027
         200.00                0.27957102              -0.017026099                 13.414137                 16.612392
         250.00                0.40912498              -0.025627628                 15.920668                 20.447623
         300.00                 0.5575938               -0.03541532                 18.309911                 24.224273
         350.00                0.72397942               -0.04631413                 20.602344                  27.91103
         400.00                 0.9075127              -0.058259508                 22.805191                 31.463589
         450.00                 1.1074302              -0.071111743                 24.923446                 34.883205
         500.00                 1.3233784              -0.084968255                 26.977659                 38.173875
         550.00                 1.5547327              -0.099681026                 28.970144                 41.353902
         600.00                 1.8011915                -0.1151725                 30.893398                 44.383732
         650.00                 2.0624865               -0.13187694                 32.799191                 47.347219
         700.00                 2.3377493               -0.14854527                  34.61049                 50.197853
         750.00                 2.6276534               -0.16651288                 36.409546                 52.973123
         800.00                 2.9311073               -0.18505442                 38.166958                 55.666975
         850.00                   3.24853               -0.20445762                 39.894669                 58.291914
         900.00                 3.5796652               -0.22468131                 41.593709                 60.850121
         950.00                 3.9237936               -0.24545801                  43.26629                 63.370975
        1000.00                 4.2810414               -0.26691191                 44.899818                 65.774433

          50.00               0.023561139            -0.00064247766                 4.6870798                 5.1689227
         100.00               0.083866194              -0.004355302                 8.0785723                 9.0103256
         150.00                 0.1710552              -0.010505697                  11.03392                 12.765806
         200.00                0.28062668              -0.018261702                 13.748983                 16.604954
         250.00                0.41098538              -0.027666726                  16.32968                 20.438556
         300.00                0.56039788              -0.038375973                 18.783576                 24.213897
         350.00                0.72786031              -0.050311701                 21.135699                 27.899691
         400.00                0.91259924              -0.063408411                 23.395884                 31.451625
         450.00                 1.1137529              -0.077439704                 25.562852                 34.870872
         500.00                 1.3311157              -0.092633993                 27.669802                 38.161439
         550.00                 1.5639501               -0.10874428                 29.712035                 41.341714
         600.00                 1.8118631               -0.12561517                 31.676218                 44.371623
         650.00                  2.075189               -0.14418875                 33.645997                  47.33561
         700.00                 2.3515888               -0.16198943                 35.477137                 50.186652
         750.00                 2.6432385               -0.18159375                 37.318013                 52.962558
         800.00                 2.9484016               -0.20175635                  39.11313                 55.657004
         850.00                 3.2676664               -0.22288851                 40.879196                 58.282583
         900.00                 3.6007614               -0.24493735                 42.616585                 60.841427
         950.00                 3.9468254                -0.2675313                 44.325453                 63.363093
        1000.00                 4.3060591               -0.29084821                  45.99205                 65.766905

          50.00               0.023566235            -0.00064140773                  4.687543                 5.1689309
         100.00               0.083868819              -0.004364373                 8.0950305                 9.0103219
         150.00                0.17112632              -0.010599532                 11.073215                   12.7656
         200.00                 0.2808251              -0.018483222                 13.805781                 16.604531
         250.00                0.41141563              -0.028097784                 16.407272                 20.437973
         300.00                 0.5611183              -0.039058718                 18.879494                  24.21321
         350.00                0.72893402              -0.051293385                 21.248943                 27.898912
         400.00                0.91410208              -0.064748713                 23.527116                 31.450759
         450.00                  1.115642               -0.07910075                 25.704996                 34.869927
         500.00                  1.333544              -0.094738504                  27.82905                 38.160419
         550.00                 1.5669327               -0.11130207                 29.885732                 41.340617
         600.00                  1.815302               -0.12855083                  31.85808                 44.370469
         650.00                  2.079745               -0.14800663                 33.859455                 47.334394
         700.00                 2.3561197               -0.16582584                 35.679153                  50.18537
         750.00                 2.6483997               -0.18594234                 37.530713                 52.961222
         800.00                 2.9541422               -0.20658484                 39.334388                 55.655618
         850.00                 3.2740641                -0.2282528                  41.10999                 58.281151
         900.00                 3.6078841                -0.2508865                 42.857518                 60.839954
         950.00                  3.954633               -0.27404024                 44.575094                 63.361583
        1000.00                 4.3145674               -0.29792988                 46.249815                 65.765352

          50.00               0.023569263            -0.00064290216                 4.6882429                 5.1689285
         100.00               0.083869401             -0.0043630309                 8.0967676                  9.010322
         150.00                0.17113521              -0.010613943                 11.080784                 12.765581
         200.00                0.28085878              -0.018524909                 13.817887                 16.604482
         250.00                 0.4115218              -0.028205249                  16.42688                 20.437888
         300.00                0.56132539              -0.039251116                 18.905832                 24.213096
         350.00                 0.7292785              -0.051596791                 21.282336                 27.898777
         400.00                0.91464435               -0.06520903                 23.569509                 31.450606
         450.00                 1.1163098               -0.07965847                 25.749809                 34.869759
         500.00                 1.3344905              -0.095512119                 27.883556                 38.160238
         550.00                 1.5681549               -0.11228602                 29.947585                 41.340421
         600.00                 1.8166754               -0.12965297                 31.921448                 44.370266
         650.00                 2.0820061               -0.14976178                  33.94877                 47.334181
         700.00                 2.3579614               -0.16728992                 35.750533                 50.185142
         750.00                 2.6505294               -0.18762448                 37.606664                 52.960982
         800.00                 2.9565157               -0.20845668                 39.413525                 55.655368
         850.00                  3.276734               -0.23035006                 41.193088                 58.280891
         900.00                  3.610898               -0.25324165                 42.945143                 60.839685
         950.00                 3.9579531               -0.27662896                 44.666163                 63.361305
        1000.00                 4.3181987               -0.30075602                 46.344121                 65.765065

          50.00               0.023570543            -0.00064415693                 4.6894591                 5.1689288
         100.00                0.08387075              -0.004362435                 8.0969386                 9.0103218
         150.00                0.17113567              -0.010615362                 11.082237                 12.765578
         200.00                0.28086136              -0.018529845                 13.820212                 16.604473
         250.00                0.41154375              -0.028229811                 16.431925                 20.437871
         300.00                0.56138094              -0.039304643                 18.913475                 24.213069
         350.00                0.72938964              -0.051695042                 21.293189                 27.898744
         400.00                0.91486292              -0.065391043                  23.58588                 31.450567
         450.00                 1.1165535              -0.079858427                 25.765517                 34.869714
         500.00                 1.3349101              -0.095844779                 27.906111                 38.160189
         550.00                 1.5687404               -0.11274024                 29.974855                 41.340369
         600.00                 1.8172929                -0.1301322                 31.947879                 44.370211
         650.00                 2.0834707               -0.15083934                 34.000056                 47.334126
         700.00                 2.3588053               -0.16793806                 35.780816                 50.185079
         750.00                 2.6515237               -0.18838166                 37.639349                 52.960917
         800.00                 2.9576426               -0.20931403                 39.448208                 55.655299
         850.00                 3.2780166               -0.23132103                 41.229856                  58.28082
         900.00                 3.6123728               -0.25435059                 42.984495                 60.839611
         950.00                 3.9595877               -0.27785486                 44.707271                 63.361229
        1000.00                 4.3199932               -0.30209907                 46.386834                 65.764987

