   T/K     Ω(1,1)     Ω(1,2)     Ω(1,3)     Ω(1,4)     Ω(1,5)     Ω(1,6)     Ω(1,7)     Ω(1,8)     Ω(2,2)     Ω(2,3)     Ω(2,4)     Ω(2,5)     Ω(2,6)     Ω(2,7)     Ω(2,8)     Ω(3,3)     Ω(3,4)     Ω(3,5)     Ω(3,6)     Ω(3,7)     Ω(3,8)     Ω(4,4)     Ω(4,5)     Ω(4,6)     Ω(4,7)     Ω(4,8)     Ω(5,5)     Ω(5,6)     Ω(5,7)     Ω(5,8)     Ω(6,6)     Ω(6,7)     Ω(6,8)     Ω(7,7)     Ω(7,8)     Ω(8,8)
   1.0    1.44120    1.20428    1.07605    1.00043    0.95137    0.91662    0.89033    0.86941    1.59285    1.38946    1.25852    1.17220    1.11274    1.06957    1.03684    1.30900    1.19161    1.11249    1.05666    1.01556    0.98404    1.38139    1.27476    1.19934    1.14420    1.10251    1.22611    1.15469    1.10178    1.06140    1.27172    1.20670    1.15727    1.17101    1.12300    1.20544 
   2.0    1.07527    0.95162    0.88833    0.84939    0.82190    0.80076    0.78360    0.76915    1.17598    1.07211    1.01133    0.97133    0.94253    0.92031    0.90231    1.01671    0.95882    0.92030    0.89235    0.87074    0.85323    1.07188    1.02261    0.98789    0.96178    0.94114    0.98312    0.94918    0.92359    0.90333    1.02386    0.99409    0.97090    0.96266    0.93981    0.99566 
   3.0    0.95025    0.86487    0.81938    0.78935    0.76695    0.74905    0.73413    0.72132    1.03876    0.97068    0.92931    0.90060    0.87874    0.86110    0.84629    0.91933    0.87945    0.85158    0.83037    0.81325    0.79891    0.97338    0.93999    0.91535    0.89594    0.87995    0.90220    0.87805    0.85903    0.84337    0.94293    0.92180    0.90466    0.89143    0.87455    0.92445 
   4.0    0.88482    0.81713    0.77902    0.75266    0.73242    0.71593    0.70202    0.68999    0.97015    0.91731    0.88384    0.85952    0.84036    0.82450    0.81094    0.86776    0.83534    0.81175    0.79320    0.77787    0.76479    0.92167    0.89462    0.87387    0.85701    0.84279    0.85775    0.83745    0.82098    0.80710    0.89843    0.88061    0.86573    0.85092    0.83632    0.88380 
   5.0    0.84292    0.78496    0.75077    0.72639    0.70733    0.69166    0.67836    0.66680    0.92675    0.88233    0.85284    0.83071    0.81291    0.79797    0.78508    0.83387    0.80530    0.78390    0.76671    0.75232    0.73992    0.88770    0.86380    0.84498    0.82939    0.81605    0.82763    0.80925    0.79406    0.78107    0.86814    0.85193    0.83817    0.82280    0.80932    0.85543 
   6.0    0.81272    0.76093    0.72912    0.70597    0.68769    0.67257    0.65968    0.64846    0.89625    0.85655    0.82937    0.80854    0.79155    0.77717    0.76470    0.80891    0.78263    0.76251    0.74615    0.73234    0.72036    0.86260    0.84052    0.82280    0.80795    0.79513    0.80492    0.78766    0.77321    0.76076    0.84520    0.82991    0.81679    0.80124    0.78841    0.83361 
   7.0    0.78995    0.74182    0.71162    0.68932    0.67159    0.65687    0.64429    0.63333    0.87278    0.83619    0.81050    0.79051    0.77406    0.76007    0.74789    0.78924    0.76443    0.74517    0.72936    0.71594    0.70427    0.84273    0.82180    0.80479    0.79041    0.77795    0.78670    0.77015    0.75620    0.74411    0.82671    0.81200    0.79930    0.78375    0.77134    0.81584 
   8.0    0.77110    0.72600    0.69695    0.67529    0.65798    0.64357    0.63125    0.62049    0.85382    0.81939    0.79473    0.77532    0.75927    0.74556    0.73360    0.77303    0.74925    0.73059    0.71518    0.70205    0.69061    0.82628    0.80614    0.78962    0.77559    0.76337    0.77148    0.75543    0.74183    0.72999    0.81122    0.79691    0.78450    0.76902    0.75691    0.80085 
   9.0    0.75566    0.71252    0.68434    0.66318    0.64621    0.63206    0.61994    0.60936    0.83798    0.80509    0.78117    0.76221    0.74646    0.73297    0.72119    0.75925    0.73622    0.71802    0.70292    0.69002    0.67876    0.81225    0.79267    0.77652    0.76274    0.75072    0.75841    0.74274    0.72939    0.71776    0.79788    0.78387    0.77167    0.75630    0.74441    0.78787 
  10.0    0.74230    0.70079    0.67330    0.65254    0.63585    0.62192    0.60998    0.59956    0.82437    0.79265    0.76930    0.75069    0.73517    0.72187    0.71023    0.74728    0.72483    0.70697    0.69213    0.67941    0.66830    0.80001    0.78087    0.76499    0.75142    0.73955    0.74696    0.73158    0.71844    0.70697    0.78617    0.77238    0.76035    0.74511    0.73340    0.77643 
  11.0    0.73062    0.69041    0.66349    0.64307    0.62662    0.61288    0.60110    0.59080    0.81245    0.78163    0.75873    0.74040    0.72509    0.71194    0.70043    0.73669    0.71470    0.69714    0.68249    0.66994    0.65896    0.78916    0.77035    0.75471    0.74130    0.72956    0.73678    0.72163    0.70866    0.69733    0.77573    0.76212    0.75023    0.73512    0.72355    0.76621 
  12.0    0.72027    0.68112    0.65466    0.63454    0.61830    0.60473    0.59308    0.58291    0.80185    0.77175    0.74922    0.73112    0.71598    0.70297    0.69156    0.72720    0.70559    0.68827    0.67380    0.66139    0.65053    0.77941    0.76088    0.74542    0.73215    0.72053    0.72761    0.71265    0.69983    0.68861    0.76631    0.75286    0.74108    0.72611    0.71466    0.75697 
  13.0    0.71098    0.67271    0.64666    0.62678    0.61074    0.59731    0.58579    0.57573    0.79230    0.76279    0.74058    0.72268    0.70768    0.69479    0.68349    0.71862    0.69732    0.68021    0.66589    0.65360    0.64284    0.77057    0.75226    0.73696    0.72382    0.71229    0.71928    0.70448    0.69179    0.68067    0.75774    0.74441    0.73274    0.71790    0.70655    0.74854 
  14.0    0.70255    0.66504    0.63934    0.61969    0.60381    0.59052    0.57911    0.56914    0.78363    0.75461    0.73266    0.71494    0.70007    0.68728    0.67607    0.71078    0.68975    0.67282    0.65864    0.64645    0.63579    0.76247    0.74436    0.72920    0.71616    0.70473    0.71164    0.69699    0.68440    0.67337    0.74987    0.73665    0.72507    0.71036    0.69910    0.74080 
  15.0    0.69485    0.65799    0.63259    0.61314    0.59742    0.58425    0.57295    0.56307    0.77568    0.74708    0.72536    0.70778    0.69304    0.68034    0.66922    0.70357    0.68278    0.66600    0.65194    0.63986    0.62927    0.75501    0.73707    0.72203    0.70909    0.69773    0.70459    0.69007    0.67758    0.66663    0.74260    0.72948    0.71798    0.70339    0.69222    0.73364 
  16.0    0.68777    0.65146    0.62634    0.60708    0.59149    0.57844    0.56724    0.55744    0.76834    0.74010    0.71858    0.70115    0.68651    0.67390    0.66285    0.69689    0.67631    0.65967    0.64572    0.63373    0.62323    0.74809    0.73030    0.71537    0.70251    0.69123    0.69806    0.68364    0.67124    0.66037    0.73585    0.72282    0.71139    0.69693    0.68582    0.72698 
  17.0    0.68121    0.64540    0.62053    0.60144    0.58598    0.57303    0.56191    0.55220    0.76153    0.73360    0.71226    0.69496    0.68041    0.66789    0.65691    0.69068    0.67028    0.65377    0.63993    0.62802    0.61758    0.74164    0.72398    0.70915    0.69637    0.68516    0.69196    0.67765    0.66533    0.65453    0.72955    0.71660    0.70523    0.69089    0.67985    0.72076 
  18.0    0.67511    0.63974    0.61509    0.59615    0.58082    0.56796    0.55693    0.54729    0.75517    0.72753    0.70635    0.68916    0.67471    0.66226    0.65135    0.68487    0.66464    0.64825    0.63450    0.62267    0.61230    0.73561    0.71807    0.70333    0.69062    0.67947    0.68625    0.67203    0.65979    0.64906    0.72365    0.71077    0.69946    0.68523    0.67426    0.71493 
  19.0    0.66939    0.63443    0.60999    0.59120    0.57597    0.56321    0.55226    0.54268    0.74922    0.72182    0.70079    0.68370    0.66934    0.65696    0.64611    0.67942    0.65934    0.64306    0.62940    0.61764    0.60734    0.72994    0.71250    0.69785    0.68521    0.67412    0.68089    0.66675    0.65458    0.64391    0.71809    0.70528    0.69403    0.67990    0.66899    0.70945 
  20.0    0.66404    0.62944    0.60519    0.58653    0.57140    0.55873    0.54785    0.53834    0.74362    0.71644    0.69554    0.67856    0.66427    0.65197    0.64118    0.67429    0.65435    0.63817    0.62459    0.61290    0.60265    0.72459    0.70725    0.69267    0.68010    0.66907    0.67583    0.66177    0.64967    0.63905    0.71285    0.70010    0.68891    0.67488    0.66402    0.70426 
  21.0    0.65898    0.62472    0.60065    0.58211    0.56709    0.55450    0.54369    0.53424    0.73833    0.71136    0.69059    0.67369    0.65948    0.64724    0.63651    0.66944    0.64963    0.63355    0.62004    0.60841    0.59823    0.71953    0.70229    0.68778    0.67527    0.66429    0.67104    0.65706    0.64502    0.63445    0.70788    0.69520    0.68405    0.67012    0.65931    0.69936 
  22.0    0.65422    0.62026    0.59635    0.57793    0.56300    0.55049    0.53975    0.53036    0.73333    0.70654    0.68588    0.66908    0.65494    0.64276    0.63207    0.66485    0.64515    0.62916    0.61572    0.60416    0.59403    0.71473    0.69757    0.68313    0.67068    0.65975    0.66650    0.65259    0.64060    0.63009    0.70317    0.69054    0.67944    0.66561    0.65485    0.69470 
  23.0    0.64971    0.61602    0.59227    0.57396    0.55912    0.54668    0.53600    0.52667    0.72858    0.70196    0.68141    0.66469    0.65062    0.63849    0.62786    0.66048    0.64090    0.62499    0.61162    0.60011    0.59003    0.71016    0.69309    0.67872    0.66632    0.65543    0.66218    0.64834    0.63641    0.62594    0.69869    0.68611    0.67506    0.66131    0.65060    0.69026 
  24.0    0.64542    0.61199    0.58839    0.57018    0.55542    0.54306    0.53244    0.52316    0.72406    0.69760    0.67715    0.66051    0.64650    0.63443    0.62385    0.65632    0.63684    0.62102    0.60771    0.59626    0.58623    0.70581    0.68882    0.67450    0.66216    0.65132    0.65807    0.64428    0.63241    0.62199    0.69442    0.68189    0.67088    0.65722    0.64655    0.68603 
  25.0    0.64134    0.60815    0.58468    0.56658    0.55190    0.53960    0.52904    0.51980    0.71975    0.69343    0.67308    0.65651    0.64257    0.63055    0.62002    0.65236    0.63298    0.61722    0.60398    0.59259    0.58260    0.70166    0.68474    0.67048    0.65818    0.64739    0.65414    0.64041    0.62859    0.61821    0.69033    0.67785    0.66689    0.65331    0.64268    0.68199 
  26.0    0.63744    0.60448    0.58114    0.56313    0.54853    0.53629    0.52579    0.51660    0.71563    0.68945    0.66919    0.65269    0.63880    0.62684    0.61635    0.64856    0.62928    0.61360    0.60041    0.58907    0.57913    0.69768    0.68083    0.66663    0.65438    0.64363    0.65038    0.63671    0.62493    0.61460    0.68642    0.67399    0.66306    0.64956    0.63898    0.67812 
  27.0    0.63372    0.60096    0.57775    0.55983    0.54531    0.53313    0.52267    0.51354    0.71169    0.68564    0.66546    0.64903    0.63520    0.62328    0.61284    0.64493    0.62573    0.61012    0.59700    0.58570    0.57580    0.69388    0.67708    0.66294    0.65074    0.64002    0.64677    0.63316    0.62143    0.61114    0.68267    0.67028    0.65940    0.64598    0.63543    0.67441 
  28.0    0.63016    0.59759    0.57450    0.55667    0.54221    0.53009    0.51969    0.51060    0.70790    0.68197    0.66188    0.64552    0.63174    0.61987    0.60947    0.64145    0.62233    0.60679    0.59372    0.58247    0.57261    0.69022    0.67349    0.65939    0.64724    0.63656    0.64331    0.62976    0.61807    0.60782    0.67908    0.66673    0.65588    0.64253    0.63202    0.67085 
  29.0    0.62673    0.59436    0.57138    0.55363    0.53924    0.52718    0.51683    0.50778    0.70427    0.67846    0.65844    0.64214    0.62841    0.61659    0.60623    0.63810    0.61907    0.60358    0.59056    0.57936    0.56954    0.68670    0.67003    0.65599    0.64387    0.63324    0.63999    0.62648    0.61484    0.60462    0.67561    0.66331    0.65249    0.63922    0.62875    0.66743 
  30.0    0.62345    0.59125    0.56838    0.55071    0.53639    0.52438    0.51407    0.50506    0.70078    0.67507    0.65513    0.63889    0.62521    0.61344    0.60311    0.63488    0.61592    0.60050    0.58753    0.57637    0.56659    0.68332    0.66671    0.65271    0.64063    0.63004    0.63679    0.62333    0.61172    0.60155    0.67228    0.66001    0.64923    0.63603    0.62559    0.66413 
  31.0    0.62029    0.58826    0.56549    0.54790    0.53364    0.52168    0.51142    0.50245    0.69741    0.67181    0.65194    0.63575    0.62213    0.61039    0.60011    0.63178    0.61289    0.59753    0.58461    0.57349    0.56375    0.68005    0.66350    0.64955    0.63751    0.62695    0.63370    0.62029    0.60873    0.59858    0.66907    0.65684    0.64609    0.63295    0.62255    0.66094 
  32.0    0.61724    0.58537    0.56270    0.54519    0.53099    0.51908    0.50886    0.49993    0.69417    0.66866    0.64886    0.63273    0.61915    0.60746    0.59721    0.62879    0.60997    0.59466    0.58179    0.57071    0.56101    0.67691    0.66040    0.64649    0.63450    0.62397    0.63073    0.61736    0.60583    0.59573    0.66597    0.65377    0.64306    0.62999    0.61962    0.65787 
  33.0    0.61431    0.58258    0.56001    0.54257    0.52843    0.51657    0.50640    0.49750    0.69103    0.66562    0.64589    0.62981    0.61628    0.60462    0.59441    0.62590    0.60715    0.59189    0.57907    0.56803    0.55836    0.67386    0.65741    0.64355    0.63159    0.62109    0.62785    0.61452    0.60304    0.59296    0.66297    0.65081    0.64013    0.62712    0.61678    0.65490 
  34.0    0.61147    0.57989    0.55741    0.54004    0.52595    0.51415    0.50401    0.49515    0.68800    0.66268    0.64302    0.62699    0.61350    0.60188    0.59170    0.62310    0.60442    0.58922    0.57644    0.56544    0.55580    0.67092    0.65452    0.64069    0.62877    0.61831    0.62507    0.61179    0.60034    0.59029    0.66007    0.64794    0.63730    0.62435    0.61404    0.65203 
  35.0    0.60873    0.57729    0.55490    0.53760    0.52356    0.51180    0.50170    0.49288    0.68507    0.65983    0.64023    0.62426    0.61081    0.59923    0.58908    0.62040    0.60178    0.58663    0.57389    0.56293    0.55333    0.66807    0.65172    0.63793    0.62605    0.61562    0.62238    0.60913    0.59772    0.58771    0.65726    0.64517    0.63455    0.62166    0.61139    0.64925 
  36.0    0.60608    0.57477    0.55247    0.53523    0.52125    0.50953    0.49947    0.49069    0.68223    0.65708    0.63754    0.62161    0.60821    0.59666    0.58655    0.61778    0.59923    0.58412    0.57142    0.56050    0.55093    0.66531    0.64900    0.63526    0.62341    0.61301    0.61977    0.60657    0.59519    0.58521    0.65454    0.64248    0.63189    0.61906    0.60881    0.64656 
  37.0    0.60351    0.57233    0.55011    0.53294    0.51900    0.50733    0.49731    0.48856    0.67948    0.65440    0.63492    0.61904    0.60568    0.59417    0.58409    0.61524    0.59675    0.58169    0.56903    0.55814    0.54860    0.66263    0.64637    0.63266    0.62085    0.61048    0.61724    0.60408    0.59273    0.58278    0.65190    0.63987    0.62932    0.61654    0.60632    0.64394 
  38.0    0.60102    0.56997    0.54783    0.53071    0.51683    0.50520    0.49521    0.48649    0.67681    0.65181    0.63238    0.61655    0.60323    0.59176    0.58170    0.61278    0.59434    0.57933    0.56671    0.55586    0.54635    0.66004    0.64381    0.63015    0.61836    0.60802    0.61479    0.60166    0.59034    0.58042    0.64934    0.63734    0.62681    0.61409    0.60390    0.64140 
  39.0    0.59860    0.56767    0.54561    0.52855    0.51472    0.50312    0.49318    0.48449    0.67421    0.64929    0.62992    0.61413    0.60085    0.58941    0.57939    0.61039    0.59201    0.57704    0.56446    0.55364    0.54416    0.65751    0.64133    0.62770    0.61595    0.60564    0.61240    0.59931    0.58803    0.57813    0.64685    0.63488    0.62438    0.61171    0.60155    0.63894 
  40.0    0.59626    0.56544    0.54345    0.52645    0.51267    0.50111    0.49120    0.48254    0.67169    0.64684    0.62753    0.61178    0.59853    0.58713    0.57714    0.60807    0.58974    0.57481    0.56227    0.55148    0.54203    0.65506    0.63892    0.62532    0.61360    0.60332    0.61009    0.59703    0.58578    0.57591    0.64443    0.63249    0.62202    0.60940    0.59926    0.63654 
  41.0    0.59397    0.56327    0.54136    0.52441    0.51067    0.49916    0.48928    0.48065    0.66924    0.64446    0.62520    0.60949    0.59628    0.58491    0.57495    0.60581    0.58753    0.57265    0.56014    0.54938    0.53996    0.65267    0.63657    0.62301    0.61132    0.60106    0.60783    0.59481    0.58359    0.57375    0.64207    0.63017    0.61972    0.60715    0.59704    0.63421 
  42.0    0.59176    0.56116    0.53932    0.52243    0.50873    0.49726    0.48741    0.47881    0.66685    0.64214    0.62293    0.60727    0.59410    0.58275    0.57282    0.60361    0.58538    0.57054    0.55807    0.54734    0.53795    0.65034    0.63429    0.62076    0.60910    0.59887    0.60564    0.59265    0.58146    0.57164    0.63978    0.62790    0.61748    0.60496    0.59487    0.63194 
  43.0    0.58960    0.55911    0.53733    0.52050    0.50685    0.49541    0.48559    0.47702    0.66453    0.63988    0.62072    0.60510    0.59196    0.58065    0.57074    0.60147    0.58329    0.56849    0.55606    0.54536    0.53599    0.64808    0.63206    0.61857    0.60693    0.59673    0.60350    0.59054    0.57938    0.56959    0.63755    0.62570    0.61530    0.60282    0.59276    0.62972 
  44.0    0.58750    0.55711    0.53540    0.51862    0.50501    0.49360    0.48382    0.47527    0.66227    0.63768    0.61857    0.60299    0.58989    0.57860    0.56872    0.59938    0.58125    0.56649    0.55409    0.54342    0.53408    0.64587    0.62989    0.61643    0.60483    0.59465    0.60142    0.58849    0.57736    0.56760    0.63537    0.62355    0.61317    0.60075    0.59071    0.62757 
  45.0    0.58545    0.55516    0.53352    0.51679    0.50322    0.49185    0.48209    0.47357    0.66006    0.63554    0.61647    0.60093    0.58786    0.57661    0.56675    0.59734    0.57926    0.56454    0.55218    0.54154    0.53222    0.64372    0.62778    0.61435    0.60277    0.59262    0.59939    0.58649    0.57539    0.56565    0.63325    0.62145    0.61110    0.59872    0.58871    0.62547 
  46.0    0.58346    0.55326    0.53168    0.51500    0.50147    0.49013    0.48041    0.47191    0.65791    0.63345    0.61442    0.59892    0.58588    0.57466    0.56483    0.59536    0.57732    0.56264    0.55031    0.53970    0.53041    0.64162    0.62571    0.61231    0.60076    0.59063    0.59741    0.58454    0.57346    0.56375    0.63118    0.61941    0.60908    0.59674    0.58675    0.62341 
  47.0    0.58151    0.55141    0.52989    0.51326    0.49977    0.48846    0.47877    0.47030    0.65580    0.63140    0.61243    0.59696    0.58396    0.57276    0.56295    0.59342    0.57543    0.56079    0.54848    0.53790    0.52864    0.63957    0.62370    0.61033    0.59880    0.58870    0.59547    0.58264    0.57159    0.56190    0.62915    0.61741    0.60710    0.59481    0.58484    0.62141 
  48.0    0.57961    0.54960    0.52814    0.51155    0.49810    0.48683    0.47717    0.46872    0.65375    0.62941    0.61048    0.59505    0.58207    0.57090    0.56112    0.59153    0.57358    0.55898    0.54670    0.53615    0.52691    0.63757    0.62173    0.60839    0.59689    0.58681    0.59358    0.58078    0.56975    0.56009    0.62718    0.61546    0.60518    0.59292    0.58298    0.61945 
  49.0    0.57776    0.54783    0.52643    0.50989    0.49648    0.48524    0.47560    0.46718    0.65174    0.62746    0.60857    0.59318    0.58023    0.56909    0.55933    0.58968    0.57178    0.55721    0.54496    0.53443    0.52522    0.63561    0.61981    0.60649    0.59502    0.58497    0.59174    0.57896    0.56796    0.55832    0.62525    0.61355    0.60329    0.59108    0.58116    0.61754 
  50.0    0.57595    0.54610    0.52477    0.50827    0.49489    0.48369    0.47407    0.46567    0.64978    0.62555    0.60670    0.59135    0.57843    0.56732    0.55759    0.58788    0.57002    0.55548    0.54326    0.53276    0.52357    0.63370    0.61793    0.60464    0.59320    0.58316    0.58993    0.57719    0.56621    0.55659    0.62336    0.61169    0.60145    0.58928    0.57938    0.61567 
  51.0    0.57418    0.54442    0.52313    0.50668    0.49334    0.48216    0.47258    0.46420    0.64787    0.62369    0.60488    0.58956    0.57667    0.56559    0.55588    0.58611    0.56829    0.55379    0.54160    0.53112    0.52195    0.63182    0.61609    0.60283    0.59141    0.58140    0.58817    0.57545    0.56450    0.55490    0.62151    0.60987    0.59965    0.58752    0.57764    0.61384 
  52.0    0.57245    0.54276    0.52154    0.50513    0.49182    0.48068    0.47112    0.46277    0.64599    0.62186    0.60310    0.58781    0.57495    0.56389    0.55420    0.58438    0.56660    0.55213    0.53998    0.52952    0.52037    0.62999    0.61429    0.60106    0.58966    0.57967    0.58644    0.57375    0.56282    0.55324    0.61971    0.60808    0.59789    0.58579    0.57593    0.61205 
  53.0    0.57075    0.54115    0.51998    0.50361    0.49034    0.47922    0.46969    0.46136    0.64415    0.62008    0.60135    0.58610    0.57327    0.56223    0.55257    0.58269    0.56495    0.55051    0.53839    0.52796    0.51883    0.62820    0.61252    0.59932    0.58795    0.57798    0.58475    0.57209    0.56118    0.55162    0.61794    0.60634    0.59616    0.58410    0.57427    0.61030 
  54.0    0.56909    0.53957    0.51845    0.50212    0.48889    0.47780    0.46829    0.45998    0.64236    0.61833    0.59964    0.58442    0.57162    0.56061    0.55096    0.58103    0.56333    0.54893    0.53683    0.52642    0.51731    0.62644    0.61080    0.59763    0.58628    0.57633    0.58309    0.57046    0.55957    0.55004    0.61620    0.60463    0.59447    0.58245    0.57263    0.60858 
  55.0    0.56747    0.53802    0.51695    0.50067    0.48746    0.47640    0.46692    0.45863    0.64059    0.61662    0.59797    0.58278    0.57001    0.55902    0.54939    0.57941    0.56175    0.54738    0.53530    0.52492    0.51583    0.62472    0.60911    0.59596    0.58463    0.57471    0.58147    0.56886    0.55800    0.54849    0.61451    0.60295    0.59281    0.58083    0.57103    0.60690 
  56.0    0.56588    0.53650    0.51549    0.49924    0.48607    0.47504    0.46557    0.45731    0.63887    0.61494    0.59633    0.58117    0.56842    0.55746    0.54786    0.57782    0.56020    0.54586    0.53381    0.52345    0.51438    0.62304    0.60745    0.59433    0.58303    0.57312    0.57988    0.56730    0.55646    0.54696    0.61284    0.60131    0.59119    0.57924    0.56946    0.60525 
  57.0    0.56432    0.53502    0.51405    0.49785    0.48470    0.47370    0.46426    0.45602    0.63717    0.61329    0.59472    0.57959    0.56687    0.55593    0.54635    0.57626    0.55868    0.54436    0.53234    0.52201    0.51296    0.62138    0.60583    0.59273    0.58145    0.57156    0.57833    0.56576    0.55495    0.54547    0.61121    0.59970    0.58960    0.57769    0.56793    0.60363 
  58.0    0.56279    0.53356    0.51264    0.49648    0.48337    0.47239    0.46297    0.45475    0.63551    0.61168    0.59314    0.57805    0.56535    0.55443    0.54487    0.57474    0.55718    0.54290    0.53091    0.52059    0.51157    0.61976    0.60423    0.59116    0.57990    0.57003    0.57680    0.56426    0.55347    0.54401    0.60961    0.59812    0.58804    0.57616    0.56642    0.60205 
  59.0    0.56129    0.53213    0.51126    0.49513    0.48205    0.47110    0.46171    0.45350    0.63389    0.61010    0.59160    0.57653    0.56386    0.55296    0.54342    0.57324    0.55572    0.54147    0.52950    0.51920    0.51020    0.61817    0.60267    0.58962    0.57839    0.56854    0.57530    0.56279    0.55201    0.54258    0.60804    0.59657    0.58651    0.57466    0.56494    0.60049 
  60.0    0.55982    0.53073    0.50991    0.49382    0.48077    0.46984    0.46047    0.45228    0.63229    0.60854    0.59008    0.57504    0.56240    0.55152    0.54200    0.57177    0.55428    0.54006    0.52811    0.51784    0.50886    0.61661    0.60114    0.58811    0.57690    0.56707    0.57383    0.56134    0.55059    0.54117    0.60650    0.59505    0.58501    0.57319    0.56349    0.59897 
  61.0    0.55838    0.52936    0.50858    0.49252    0.47950    0.46860    0.45925    0.45109    0.63072    0.60702    0.58859    0.57358    0.56096    0.55011    0.54061    0.57032    0.55288    0.53868    0.52676    0.51651    0.50754    0.61507    0.59963    0.58663    0.57544    0.56563    0.57238    0.55992    0.54919    0.53979    0.60499    0.59356    0.58353    0.57175    0.56207    0.59747 
  62.0    0.55697    0.52801    0.50728    0.49125    0.47826    0.46739    0.45806    0.44991    0.62918    0.60552    0.58713    0.57214    0.55955    0.54872    0.53924    0.56891    0.55149    0.53732    0.52543    0.51520    0.50625    0.61357    0.59815    0.58518    0.57400    0.56421    0.57097    0.55852    0.54781    0.53843    0.60350    0.59209    0.58209    0.57034    0.56067    0.59600 
  63.0    0.55558    0.52668    0.50600    0.49001    0.47705    0.46619    0.45689    0.44876    0.62767    0.60405    0.58569    0.57073    0.55816    0.54735    0.53789    0.56751    0.55013    0.53599    0.52412    0.51391    0.50498    0.61209    0.59670    0.58375    0.57259    0.56282    0.56957    0.55715    0.54646    0.53710    0.60204    0.59065    0.58066    0.56894    0.55929    0.59455 
  64.0    0.55421    0.52538    0.50474    0.48879    0.47585    0.46502    0.45574    0.44763    0.62618    0.60261    0.58428    0.56935    0.55680    0.54601    0.53657    0.56615    0.54880    0.53468    0.52283    0.51264    0.50373    0.61064    0.59528    0.58234    0.57121    0.56145    0.56821    0.55581    0.54514    0.53579    0.60061    0.58924    0.57927    0.56758    0.55794    0.59313 
  65.0    0.55287    0.52410    0.50350    0.48758    0.47468    0.46387    0.45461    0.44651    0.62472    0.60119    0.58289    0.56799    0.55547    0.54470    0.53527    0.56480    0.54749    0.53340    0.52157    0.51140    0.50251    0.60921    0.59387    0.58096    0.56985    0.56011    0.56686    0.55449    0.54383    0.53450    0.59920    0.58785    0.57789    0.56623    0.55662    0.59174 
  66.0    0.55156    0.52284    0.50229    0.48640    0.47352    0.46274    0.45350    0.44542    0.62328    0.59979    0.58153    0.56665    0.55415    0.54340    0.53399    0.56348    0.54620    0.53214    0.52033    0.51018    0.50130    0.60781    0.59249    0.57961    0.56851    0.55879    0.56554    0.55319    0.54255    0.53324    0.59781    0.58648    0.57655    0.56491    0.55531    0.59036 
  67.0    0.55026    0.52161    0.50110    0.48524    0.47239    0.46163    0.45240    0.44435    0.62187    0.59842    0.58018    0.56534    0.55286    0.54213    0.53274    0.56218    0.54493    0.53089    0.51911    0.50898    0.50012    0.60643    0.59114    0.57827    0.56720    0.55749    0.56424    0.55191    0.54129    0.53200    0.59645    0.58514    0.57522    0.56362    0.55403    0.58902 
  68.0    0.54899    0.52039    0.49992    0.48410    0.47128    0.46054    0.45133    0.44329    0.62048    0.59707    0.57887    0.56404    0.55159    0.54088    0.53151    0.56091    0.54368    0.52967    0.51791    0.50780    0.49896    0.60507    0.58981    0.57696    0.56590    0.55622    0.56296    0.55065    0.54005    0.53077    0.59511    0.58382    0.57391    0.56234    0.55277    0.58769 
  69.0    0.54774    0.51920    0.49877    0.48298    0.47018    0.45946    0.45028    0.44225    0.61912    0.59574    0.57757    0.56277    0.55034    0.53965    0.53029    0.55965    0.54246    0.52847    0.51673    0.50664    0.49781    0.60373    0.58849    0.57567    0.56463    0.55496    0.56171    0.54941    0.53884    0.52957    0.59379    0.58252    0.57263    0.56108    0.55153    0.58638 
  70.0    0.54651    0.51802    0.49763    0.48187    0.46910    0.45841    0.44924    0.44123    0.61777    0.59444    0.57629    0.56152    0.54911    0.53844    0.52910    0.55841    0.54125    0.52729    0.51557    0.50550    0.49669    0.60242    0.58720    0.57440    0.56338    0.55373    0.56047    0.54820    0.53764    0.52839    0.59250    0.58124    0.57137    0.55985    0.55031    0.58510 
  71.0    0.54530    0.51687    0.49652    0.48079    0.46804    0.45737    0.44822    0.44023    0.61645    0.59315    0.57504    0.56029    0.54790    0.53725    0.52792    0.55720    0.54006    0.52613    0.51443    0.50437    0.49558    0.60112    0.58593    0.57315    0.56215    0.55251    0.55925    0.54700    0.53646    0.52723    0.59122    0.57998    0.57012    0.55863    0.54911    0.58383 
  72.0    0.54410    0.51573    0.49542    0.47972    0.46700    0.45634    0.44721    0.43924    0.61515    0.59188    0.57380    0.55908    0.54671    0.53607    0.52677    0.55600    0.53889    0.52498    0.51330    0.50327    0.49449    0.59985    0.58468    0.57192    0.56094    0.55131    0.55805    0.54582    0.53530    0.52608    0.58996    0.57874    0.56890    0.55743    0.54793    0.58259 
  73.0    0.54293    0.51461    0.49434    0.47867    0.46597    0.45534    0.44622    0.43826    0.61386    0.59064    0.57258    0.55789    0.54554    0.53492    0.52563    0.55482    0.53774    0.52386    0.51220    0.50218    0.49341    0.59860    0.58345    0.57071    0.55974    0.55014    0.55687    0.54466    0.53415    0.52495    0.58873    0.57752    0.56769    0.55625    0.54676    0.58136 
  74.0    0.54178    0.51351    0.49327    0.47763    0.46496    0.45435    0.44525    0.43731    0.61260    0.58941    0.57138    0.55671    0.54438    0.53378    0.52451    0.55366    0.53661    0.52275    0.51111    0.50111    0.49236    0.59736    0.58224    0.56952    0.55857    0.54898    0.55571    0.54352    0.53303    0.52384    0.58751    0.57632    0.56651    0.55509    0.54562    0.58016 
  75.0    0.54064    0.51242    0.49222    0.47661    0.46396    0.45337    0.44429    0.43636    0.61136    0.58820    0.57020    0.55555    0.54325    0.53266    0.52341    0.55252    0.53550    0.52165    0.51003    0.50005    0.49132    0.59614    0.58105    0.56834    0.55741    0.54783    0.55457    0.54239    0.53192    0.52275    0.58631    0.57513    0.56534    0.55395    0.54449    0.57897 
  76.0    0.53952    0.51135    0.49119    0.47561    0.46298    0.45241    0.44335    0.43543    0.61013    0.58701    0.56904    0.55441    0.54213    0.53156    0.52232    0.55139    0.53440    0.52058    0.50898    0.49901    0.49029    0.59494    0.57987    0.56719    0.55627    0.54671    0.55344    0.54128    0.53083    0.52167    0.58512    0.57396    0.56419    0.55282    0.54338    0.57779 
  77.0    0.53842    0.51030    0.49017    0.47462    0.46201    0.45146    0.44242    0.43452    0.60892    0.58584    0.56789    0.55329    0.54102    0.53047    0.52125    0.55028    0.53331    0.51952    0.50794    0.49798    0.48928    0.59376    0.57871    0.56605    0.55515    0.54560    0.55233    0.54019    0.52975    0.52061    0.58396    0.57281    0.56305    0.55171    0.54228    0.57664 
  78.0    0.53733    0.50926    0.48917    0.47364    0.46106    0.45053    0.44150    0.43362    0.60773    0.58468    0.56676    0.55218    0.53993    0.52940    0.52019    0.54919    0.53225    0.51847    0.50691    0.49697    0.48829    0.59260    0.57757    0.56492    0.55404    0.54451    0.55123    0.53911    0.52869    0.51956    0.58281    0.57168    0.56193    0.55062    0.54120    0.57550 
  79.0    0.53625    0.50824    0.48818    0.47268    0.46012    0.44961    0.44060    0.43273    0.60656    0.58354    0.56565    0.55109    0.53886    0.52835    0.51915    0.54811    0.53119    0.51744    0.50590    0.49598    0.48731    0.59145    0.57644    0.56381    0.55295    0.54343    0.55015    0.53805    0.52764    0.51853    0.58167    0.57056    0.56083    0.54954    0.54014    0.57438 
  80.0    0.53520    0.50723    0.48721    0.47174    0.45920    0.44870    0.43971    0.43185    0.60540    0.58242    0.56455    0.55001    0.53780    0.52731    0.51813    0.54705    0.53016    0.51643    0.50490    0.49500    0.48634    0.59032    0.57533    0.56272    0.55187    0.54237    0.54909    0.53701    0.52661    0.51752    0.58056    0.56946    0.55974    0.54848    0.53909    0.57327 
  81.0    0.53415    0.50624    0.48625    0.47080    0.45829    0.44781    0.43883    0.43099    0.60426    0.58131    0.56347    0.54895    0.53676    0.52628    0.51711    0.54600    0.52913    0.51542    0.50392    0.49403    0.48539    0.58920    0.57423    0.56164    0.55081    0.54132    0.54804    0.53597    0.52560    0.51651    0.57946    0.56838    0.55867    0.54743    0.53805    0.57218 
  82.0    0.53313    0.50526    0.48530    0.46988    0.45739    0.44693    0.43796    0.43014    0.60313    0.58021    0.56240    0.54791    0.53573    0.52527    0.51612    0.54496    0.52813    0.51444    0.50295    0.49308    0.48445    0.58810    0.57315    0.56058    0.54976    0.54029    0.54700    0.53496    0.52460    0.51552    0.57837    0.56731    0.55761    0.54639    0.53703    0.57111 
  83.0    0.53211    0.50429    0.48437    0.46897    0.45650    0.44606    0.43711    0.42930    0.60202    0.57913    0.56135    0.54688    0.53472    0.52427    0.51513    0.54394    0.52713    0.51346    0.50199    0.49214    0.48352    0.58701    0.57209    0.55953    0.54873    0.53927    0.54598    0.53395    0.52361    0.51455    0.57730    0.56625    0.55657    0.54537    0.53602    0.57004 
  84.0    0.53111    0.50334    0.48345    0.46808    0.45563    0.44520    0.43627    0.42847    0.60093    0.57807    0.56031    0.54586    0.53372    0.52329    0.51416    0.54294    0.52615    0.51250    0.50105    0.49121    0.48260    0.58594    0.57103    0.55850    0.54771    0.53826    0.54497    0.53296    0.52263    0.51359    0.57624    0.56521    0.55554    0.54436    0.53503    0.56900 
  85.0    0.53013    0.50240    0.48254    0.46719    0.45476    0.44436    0.43544    0.42765    0.59985    0.57702    0.55928    0.54485    0.53273    0.52232    0.51321    0.54195    0.52518    0.51155    0.50012    0.49029    0.48170    0.58488    0.57000    0.55748    0.54670    0.53727    0.54398    0.53198    0.52167    0.51264    0.57519    0.56418    0.55452    0.54337    0.53405    0.56796 
  86.0    0.52916    0.50147    0.48164    0.46632    0.45391    0.44353    0.43462    0.42685    0.59878    0.57598    0.55827    0.54386    0.53176    0.52136    0.51226    0.54097    0.52423    0.51062    0.49920    0.48939    0.48081    0.58384    0.56897    0.55647    0.54571    0.53629    0.54300    0.53102    0.52072    0.51170    0.57416    0.56316    0.55352    0.54239    0.53308    0.56694 
  87.0    0.52820    0.50055    0.48076    0.46546    0.45307    0.44270    0.43381    0.42605    0.59772    0.57496    0.55727    0.54288    0.53080    0.52041    0.51133    0.54000    0.52328    0.50969    0.49829    0.48850    0.47993    0.58281    0.56796    0.55547    0.54473    0.53533    0.54203    0.53007    0.51978    0.51078    0.57315    0.56216    0.55253    0.54142    0.53212    0.56594 
  88.0    0.52725    0.49965    0.47988    0.46461    0.45224    0.44189    0.43302    0.42527    0.59668    0.57395    0.55629    0.54192    0.52985    0.51948    0.51041    0.53904    0.52235    0.50878    0.49740    0.48762    0.47906    0.58179    0.56696    0.55449    0.54377    0.53437    0.54107    0.52913    0.51886    0.50986    0.57214    0.56117    0.55155    0.54047    0.53118    0.56494 
  89.0    0.52631    0.49875    0.47902    0.46378    0.45143    0.44109    0.43223    0.42449    0.59566    0.57295    0.55531    0.54096    0.52891    0.51856    0.50950    0.53810    0.52143    0.50788    0.49651    0.48675    0.47821    0.58079    0.56598    0.55352    0.54281    0.53343    0.54013    0.52820    0.51794    0.50896    0.57115    0.56019    0.55059    0.53952    0.53025    0.56396 
  90.0    0.52539    0.49787    0.47817    0.46295    0.45062    0.44030    0.43145    0.42373    0.59464    0.57197    0.55435    0.54002    0.52799    0.51765    0.50860    0.53717    0.52052    0.50699    0.49564    0.48589    0.47736    0.57979    0.56500    0.55257    0.54187    0.53250    0.53920    0.52728    0.51704    0.50807    0.57017    0.55923    0.54964    0.53859    0.52933    0.56299 
  91.0    0.52448    0.49700    0.47733    0.46213    0.44982    0.43952    0.43068    0.42297    0.59364    0.57100    0.55340    0.53909    0.52707    0.51675    0.50772    0.53625    0.51963    0.50612    0.49478    0.48504    0.47653    0.57881    0.56404    0.55162    0.54094    0.53158    0.53828    0.52638    0.51615    0.50719    0.56921    0.55827    0.54870    0.53767    0.52842    0.56203 
  92.0    0.52358    0.49614    0.47650    0.46133    0.44903    0.43874    0.42993    0.42223    0.59265    0.57003    0.55246    0.53817    0.52617    0.51586    0.50684    0.53534    0.51874    0.50525    0.49393    0.48421    0.47570    0.57785    0.56309    0.55069    0.54002    0.53068    0.53737    0.52548    0.51527    0.50633    0.56825    0.55733    0.54777    0.53676    0.52753    0.56109 
  93.0    0.52269    0.49529    0.47568    0.46053    0.44825    0.43798    0.42918    0.42149    0.59167    0.56909    0.55154    0.53726    0.52528    0.51498    0.50598    0.53445    0.51787    0.50439    0.49309    0.48338    0.47489    0.57689    0.56215    0.54977    0.53911    0.52978    0.53647    0.52460    0.51440    0.50547    0.56731    0.55640    0.54685    0.53586    0.52664    0.56015 
  94.0    0.52181    0.49446    0.47487    0.45974    0.44749    0.43723    0.42844    0.42077    0.59071    0.56815    0.55062    0.53637    0.52440    0.51412    0.50512    0.53356    0.51700    0.50355    0.49226    0.48256    0.47408    0.57594    0.56123    0.54885    0.53821    0.52890    0.53558    0.52373    0.51354    0.50462    0.56638    0.55548    0.54594    0.53498    0.52577    0.55923 
  95.0    0.52094    0.49363    0.47407    0.45896    0.44673    0.43649    0.42771    0.42005    0.58975    0.56722    0.54972    0.53548    0.52353    0.51326    0.50428    0.53269    0.51615    0.50271    0.49144    0.48176    0.47329    0.57501    0.56031    0.54795    0.53733    0.52802    0.53470    0.52287    0.51269    0.50379    0.56545    0.55458    0.54505    0.53410    0.52490    0.55832 
  96.0    0.52009    0.49281    0.47328    0.45820    0.44598    0.43575    0.42699    0.41934    0.58881    0.56630    0.54882    0.53461    0.52267    0.51242    0.50345    0.53182    0.51531    0.50189    0.49063    0.48096    0.47250    0.57409    0.55941    0.54706    0.53645    0.52716    0.53384    0.52202    0.51185    0.50296    0.56454    0.55368    0.54416    0.53323    0.52405    0.55742 
  97.0    0.51924    0.49200    0.47250    0.45744    0.44524    0.43502    0.42627    0.41864    0.58788    0.56540    0.54794    0.53374    0.52182    0.51158    0.50262    0.53097    0.51447    0.50107    0.48983    0.48017    0.47173    0.57318    0.55851    0.54619    0.53558    0.52630    0.53298    0.52117    0.51102    0.50214    0.56364    0.55279    0.54329    0.53238    0.52320    0.55652 
  98.0    0.51840    0.49120    0.47173    0.45669    0.44450    0.43431    0.42557    0.41794    0.58696    0.56450    0.54707    0.53289    0.52098    0.51075    0.50181    0.53012    0.51365    0.50026    0.48903    0.47939    0.47096    0.57227    0.55763    0.54532    0.53473    0.52546    0.53213    0.52034    0.51020    0.50133    0.56275    0.55191    0.54242    0.53153    0.52237    0.55564 
  99.0    0.51757    0.49041    0.47096    0.45594    0.44378    0.43360    0.42487    0.41726    0.58605    0.56362    0.54620    0.53204    0.52015    0.50994    0.50100    0.52928    0.51283    0.49947    0.48825    0.47862    0.47020    0.57138    0.55675    0.54446    0.53388    0.52462    0.53129    0.51952    0.50939    0.50053    0.56187    0.55105    0.54157    0.53069    0.52154    0.55477 
 100.0    0.51675    0.48963    0.47021    0.45521    0.44306    0.43290    0.42418    0.41658    0.58514    0.56275    0.54535    0.53120    0.51933    0.50913    0.50021    0.52846    0.51203    0.49868    0.48748    0.47786    0.46945    0.57050    0.55589    0.54361    0.53304    0.52380    0.53047    0.51870    0.50859    0.49975    0.56100    0.55019    0.54072    0.52987    0.52072    0.55391 
